30,49
30,48
30,47
30,46
30,45
30,44
30,43
30,42
30,41
30,40
30,39
30,38
30,37
30,36
30,35
0,273
0,270
3,2
10,168
10,34
10,224
10,74
10,8
10,26
10,220
10,2
10,3
11,21
11,13
11,19
11,14
11,24
11,4
11,15
11,2
11,3
29,5
29,4
29,3
9,6
9,4
9,2
9,3
29,2
29,1
29,0
28,5
28,4
28,3
8,7
8,5
28,2
28,1
28,0
27,5
27,4
27,3
8,10
8,4
8,2
27,2
8,3
27,1
27,0
26,3
26,2
26,1
26,0
25,3
12,2
25,2
12,1
12,3
25,1
25,0
24,3
24,2
24,1
24,0
23,3
23,2
23,1
23,0
11,30
11,29
11,28
11,27
11,26
11,1
11,25
10,315
10,314
10,313
10,312
10,311
10,310
10,309
10,308
10,307
10,306
10,305
10,304
10,303
10,302
10,301
10,300
